$MeshFormat
2.2 0 8
$EndMeshFormat
$Nodes
266
1 0 0 -0
2 10 0 -0
3 10 5 0
4 0 5 -0
5 4 2.5 0
6 6 2.5 0
7 5 1.5 0
8 5 3.5 0
9 4.076120467488813 2.882683432365331 0
10 4.292893218812732 3.207106781185827 0
11 4.617316567635368 3.423879532511476 0
12 5.382683432364086 3.423879532511703 0
13 5.707106781184983 3.207106781188112 0
14 5.923879532510937 2.882683432365934 0
15 5.923879532511546 2.117316567635537 0
16 5.707106781187268 1.792893218814173 0
17 5.38268343236652 1.576120467489306 0
18 4.617316567637174 1.576120467487775 0
19 4.292893218815075 1.79289321881183 0
20 4.076120467489363 2.117316567633341 0
21 0.4999999999994874 0 0
22 0.9999999999991893 0 0
23 1.499999999998097 0 0
24 1.999999999996827 0 0
25 2.499999999995259 0 0
26 2.99999999999391 0 0
27 3.499999999992468 0 0
28 3.999999999991027 0 0
29 4.499999999991448 0 0
30 4.999999999992411 0 0
31 5.499999999992781 0 0
32 5.999999999993932 0 0
33 6.499999999994694 0 0
34 6.999999999995455 0 0
35 7.499999999996216 0 0
36 7.999999999996978 0 0
37 8.499999999997902 0 0
38 8.99999999999849 0 0
39 9.499999999998643 0 0
40 10 0.4999999999993946 0
41 10 0.9999999999984134 0
42 10 1.499999999996613 0
43 10 1.999999999995513 0
44 10 2.499999999994374 0
45 10 2.999999999996966 0
46 10 3.499999999997727 0
47 10 3.999999999998489 0
48 10 4.499999999998927 0
49 9.500000000000274 5 0
50 9.000000000000442 5 0
51 8.500000000001279 5 0
52 8.000000000000883 5 0
53 7.500000000001299 5 0
54 7.000000000001325 5 0
55 6.500000000001719 5 0
56 6.000000000001767 5 0
57 5.500000000001784 5 0
58 5.000000000002208 5 0
59 4.500000000002964 5 0
60 4.00000000000265 5 0
61 3.500000000002614 5 0
62 3.000000000003091 5 0
63 2.500000000003295 5 0
64 2.000000000003499 5 0
65 1.500000000002637 5 0
66 1.000000000001776 5 0
67 0.5000000000008886 5 0
68 0 4.499999999998892 0
69 0 4.000000000000441 0
70 0 3.500000000000536 0
71 0 3.000000000000883 0
72 0 2.500000000002379 0
73 0 2.000000000001325 0
74 0 1.500000000001853 0
75 0 1.00000000000175 0
76 0 0.5000000000008747 0
77 9.036872420815135 1.993569982296933 0
78 0.9505379120086638 2.973859300415048 0
79 3.520805392735182 1.854846453219954 0
80 6.657468141596785 3.158626915361779 0
81 3.605728808002634 2.606988591781574 0
82 6.386375814000247 1.805345060809964 0
83 8.020192133986784 1.031980139103992 0
84 6.90857941687681 1.17997079159961 0
85 4.287128413797009 0.9502136863758097 0
86 4.122318299409701 4.153664752785772 0
87 5.902264952951024 0.9095437344658199 0
88 5.896778317293996 4.126585909322202 0
89 2.810878962611665 0.9938287756592855 0
90 0.9546979820333621 0.9831433961873127 0
91 2.156010575908807 3.844712952848962 0
92 9.039310078774982 2.974598104775266 0
93 9.011272849432357 1.000064219624996 0
94 0.9999866516705468 3.972729118561809 0
95 7.8848884711461 3.81491716364684 0
96 8.999707803427096 3.965550397055051 0
97 2.716539797073105 1.963886660349237 0
98 8.110017131340888 2.017787422368349 0
99 3.263343062982379 4.017190309140487 0
100 8.15939838693159 2.921427008354727 0
101 1.902818076695152 0.9861556271139781 0
102 0.9331756643664925 1.977332951661108 0
103 6.829266364621082 4.039442535766307 0
104 1.86596200009505 2.912299616108154 0
105 7.433318534761784 2.988357481144629 0
106 3.614851801107134 1.016638414298718 0
107 5.002242638392437 4.183090970953255 0
108 3.37555246021358 3.534516943997414 0
109 5.041601139838781 0.8597215097113905 0
110 1.848491614764636 1.96380391953287 0
111 7.257903649933172 2.156296102954119 0
112 2.781382778272699 2.956855665629347 0
113 6.541280809992937 2.372231596429926 0
114 4.223192379564011 0.5398076743661722 0
115 3.969426987588885 1.016634572791557 0
116 3.732544801503651 0.5862474103161218 0
117 8.085665603908224 3.349845992056921 0
118 7.580041527853926 3.388552245451044 0
119 7.785086836301253 2.925396192946253 0
120 2.272254464451776 2.917754693666012 0
121 2.492402298189683 3.424032723599566 0
122 1.973418205738773 3.383073660792548 0
123 3.805321721832063 2.910103063712073 0
124 3.846665004250393 2.52819579462047 0
125 0.4773489910166811 0.9915716980945311 0
126 0.9773489910162757 0.4915716980936564 0
127 0.4886744955081194 0.4957858490472655 0
128 2.363736514307461 0.9896018292557005 0
129 1.947855729547445 0.4933167994134087 0
130 2.895758260314995 0.5016943130853047 0
131 2.426867928625441 0.4957981896361283 0
132 8.483752237365893 3.923970993455214 0
133 8.993863156185672 4.47904671080391 0
134 7.94369452183385 4.429406873933688 0
135 8.476762118717293 4.454831858517167 0
136 9.499234069867958 3.986199036990335 0
137 9.498660498707707 4.491680524168597 0
138 0.4654518977269648 1.987496317255781 0
139 0.9354852360376449 2.472623698883332 0
140 0.4767723737313774 2.988959101821601 0
141 0.4699443012959088 2.487685794604173 0
142 1.007069659068151 4.48412492654795 0
143 0.4955898858733412 3.991598291822621 0
144 0.4999707015786145 4.494575977386112 0
145 6.368276613108924 0.9869412333217335 0
146 5.95941218066845 0.4662461159952849 0
147 6.960980115088201 0.5731802719440456 0
148 6.449199258976333 0.5111432411265867 0
149 7.506158775791121 1.079080226491695 0
150 7.999148321833745 0.5174194039369292 0
151 7.4840177435772 0.542746934838874 0
152 9.003096268156005 0.4996840110420791 0
153 9.504946930783355 0.9986321903763915 0
154 9.501909777396357 0.4994533249749132 0
155 2.735229066956389 4.005773869997114 0
156 3.116762405298704 4.511215392419623 0
157 2.070042252808284 4.460172980095233 0
158 2.604734925909785 4.484398899643354 0
159 9.513289276639531 2.991208665699889 0
160 9.043340956020359 2.486440645322619 0
161 9.515699841370193 1.996647340548097 0
162 9.517274179047952 2.493997804823771 0
163 9.017982328072586 3.467209397282284 0
164 9.50540357215459 3.489214227776751 0
165 6.920837168553103 4.513406122707555 0
166 7.32804771262073 3.968056356613385 0
167 7.424888296608782 4.473575604243149 0
168 0.9763170454212273 3.472142023164716 0
169 1.420101087096851 2.942094885510562 0
170 1.528224107115817 3.938602756202848 0
171 1.472060437966891 3.435520902027923 0
172 3.231199154075696 1.00427125662221 0
173 3.344196114822858 0.5180366252999625 0
174 1.431279276519675 0.9847253327929294 0
175 1.463986349215094 0.4922742978169067 0
176 8.59724246221807 2.950962057572258 0
177 8.532972245720698 3.428453735946829 0
178 1.530710853744844 4.465964698638528 0
179 0.4860531077658019 3.49245976309438 0
180 9.02266244303863 1.497530537441697 0
181 8.56650324315428 1.99551523881996 0
182 8.058566933837753 1.529850292819179 0
183 8.515227827113518 1.006490656657784 0
184 8.535848090834897 1.499542247137747 0
185 9.510698849855459 1.498083090202858 0
186 3.136501047509182 1.913973809236216 0
187 3.525235245532063 2.25403213927287 0
188 3.26374535407168 2.744526645684433 0
189 2.725930380128539 2.451244814073524 0
190 3.158730588035962 2.34606954173873 0
191 0.941157237557249 1.481878789931253 0
192 0.4713013654863377 1.490168263675938 0
193 8.50411271070246 0.505266095662045 0
194 6.736866872851975 3.586076599164505 0
195 6.358234245243433 4.085980280357588 0
196 5.832984801771511 3.696411922963003 0
197 6.237041196330596 3.213635723733459 0
198 6.280631130751342 3.639289834372896 0
199 8.149608117597142 2.47984852354537 0
200 8.587398612039001 2.477557879794186 0
201 6.236041146264522 2.448511506948235 0
202 6.148368281627138 1.766552348033585 0
203 6.467415011277888 2.025348147600009 0
204 6.180403299502901 2.099992473887232 0
205 3.879653547047777 1.806501538904231 0
206 3.554323255095476 1.44098752854693 0
207 4.292310816922472 1.343768908571928 0
208 3.927137848063557 1.407905308301922 0
209 7.6682350397591 2.067183696922507 0
210 7.136419162657496 1.701169781220118 0
211 7.583468797025692 1.59125559287737 0
212 1.867851492001635 1.477329660611336 0
213 2.74939052167015 1.486410879468524 0
214 2.291124665408293 1.964237516262219 0
215 2.317813149925374 1.479119279003147 0
216 3.810275618785305 2.185573911596302 0
217 4.648698606624953 0.884399342970398 0
218 5.031689915685421 1.215704732621323 0
219 4.653719169083031 1.258420729973418 0
220 5.824640479203067 1.324797648209634 0
221 6.584710396490014 1.552552032179784 0
222 6.230074694474969 1.41133075228636 0
223 1.390870832769956 1.968058753722204 0
224 1.843543045388807 2.44373256519933 0
225 1.393915812855622 2.455010314897251 0
226 2.286596452640576 2.4454496464935 0
227 5.949379586055422 4.557730899120559 0
228 6.431357120557885 4.539646628658645 0
229 3.681656725865151 4.12227838891079 0
230 4.061907012206294 4.570570406055253 0
231 3.592656328433897 4.547428146513333 0
232 3.069717421054203 3.266226972840744 0
233 3.31944776159798 3.77585362656895 0
234 2.899783348705117 3.608848622284062 0
235 1.407527472105704 1.477290354582047 0
236 5.445240937078432 4.158802015464114 0
237 5.001494365052866 4.580950221039513 0
238 5.47378098277968 4.573765782396303 0
239 5.031412385329898 0.4417253018231672 0
240 4.596173297392377 0.4622127305088793 0
241 7.054174257449354 3.078233235559014 0
242 7.180619090262015 3.503864898987724 0
243 5.468736599169063 0.882689910556993 0
244 5.488335370084045 0.4454770526359806 0
245 4.562815732086567 4.173189646418817 0
246 4.531578955683925 4.580720181482224 0
247 6.58452768347926 2.759023495259516 0
248 6.254203607995098 2.820853463812725 0
249 4.18775858820438 3.733795577917611 0
250 5.000085613667068 3.830880527104224 0
251 4.590488813546616 3.789752770393693 0
252 5.413199952033656 3.782495774635982 0
253 5.425710015767791 1.229405189023149 0
254 3.834222839513156 3.37081186259162 0
255 3.758922052023269 3.741803319425689 0
256 7.343206083836918 2.580982966720922 0
257 7.734801625805584 2.513886508407052 0
258 6.879874840627108 2.266565968855025 0
259 6.96346294668589 2.66870937778686 0
260 3.165677319484413 1.463162483180685 0
261 6.769049351517183 1.881267738220748 0
262 3.499107427914391 3.076361569581885 0
263 3.973762449695908 0.6956675288741142 0
264 7.818951268260268 3.229017914178765 0
265 2.241465626958767 3.248157566887883 0
266 3.929920210258609 2.781140326574272 0
$EndNodes
$Elements
288
1 1 2 13 5 1 21
2 1 2 13 5 21 22
3 1 2 13 5 22 23
4 1 2 13 5 23 24
5 1 2 13 5 24 25
6 1 2 13 5 25 26
7 1 2 13 5 26 27
8 1 2 13 5 27 28
9 1 2 13 5 28 29
10 1 2 13 5 29 30
11 1 2 13 5 30 31
12 1 2 13 5 31 32
13 1 2 13 5 32 33
14 1 2 13 5 33 34
15 1 2 13 5 34 35
16 1 2 13 5 35 36
17 1 2 13 5 36 37
18 1 2 13 5 37 38
19 1 2 13 5 38 39
20 1 2 13 5 39 2
21 1 2 13 6 2 40
22 1 2 13 6 40 41
23 1 2 13 6 41 42
24 1 2 13 6 42 43
25 1 2 13 6 43 44
26 1 2 13 6 44 45
27 1 2 13 6 45 46
28 1 2 13 6 46 47
29 1 2 13 6 47 48
30 1 2 13 6 48 3
31 1 2 13 7 3 49
32 1 2 13 7 49 50
33 1 2 13 7 50 51
34 1 2 13 7 51 52
35 1 2 13 7 52 53
36 1 2 13 7 53 54
37 1 2 13 7 54 55
38 1 2 13 7 55 56
39 1 2 13 7 56 57
40 1 2 13 7 57 58
41 1 2 13 7 58 59
42 1 2 13 7 59 60
43 1 2 13 7 60 61
44 1 2 13 7 61 62
45 1 2 13 7 62 63
46 1 2 13 7 63 64
47 1 2 13 7 64 65
48 1 2 13 7 65 66
49 1 2 13 7 66 67
50 1 2 13 7 67 4
51 1 2 13 8 4 68
52 1 2 13 8 68 69
53 1 2 13 8 69 70
54 1 2 13 8 70 71
55 1 2 13 8 71 72
56 1 2 13 8 72 73
57 1 2 13 8 73 74
58 1 2 13 8 74 75
59 1 2 13 8 75 76
60 1 2 13 8 76 1
61 3 2 12 11 90 125 127 126
62 3 2 12 11 125 75 76 127
63 3 2 12 11 127 76 1 21
64 3 2 12 11 126 127 21 22
65 3 2 12 11 89 128 131 130
66 3 2 12 11 128 101 129 131
67 3 2 12 11 131 129 24 25
68 3 2 12 11 130 131 25 26
69 3 2 12 11 95 132 135 134
70 3 2 12 11 132 96 133 135
71 3 2 12 11 135 133 50 51
72 3 2 12 11 134 135 51 52
73 3 2 12 11 96 136 137 133
74 3 2 12 11 136 47 48 137
75 3 2 12 11 137 48 3 49
76 3 2 12 11 133 137 49 50
77 3 2 12 11 73 138 141 72
78 3 2 12 11 138 102 139 141
79 3 2 12 11 141 139 78 140
80 3 2 12 11 72 141 140 71
81 3 2 12 11 94 142 144 143
82 3 2 12 11 142 66 67 144
83 3 2 12 11 144 67 4 68
84 3 2 12 11 143 144 68 69
85 3 2 12 11 84 145 148 147
86 3 2 12 11 145 87 146 148
87 3 2 12 11 148 146 32 33
88 3 2 12 11 147 148 33 34
89 3 2 12 11 83 149 151 150
90 3 2 12 11 149 84 147 151
91 3 2 12 11 151 147 34 35
92 3 2 12 11 150 151 35 36
93 3 2 12 11 93 152 154 153
94 3 2 12 11 152 38 39 154
95 3 2 12 11 154 39 2 40
96 3 2 12 11 153 154 40 41
97 3 2 12 11 91 155 158 157
98 3 2 12 11 155 99 156 158
99 3 2 12 11 158 156 62 63
100 3 2 12 11 157 158 63 64
101 3 2 12 11 45 159 162 44
102 3 2 12 11 159 92 160 162
103 3 2 12 11 162 160 77 161
104 3 2 12 11 44 162 161 43
105 3 2 12 11 47 136 164 46
106 3 2 12 11 136 96 163 164
107 3 2 12 11 164 163 92 159
108 3 2 12 11 46 164 159 45
109 3 2 12 11 54 165 167 53
110 3 2 12 11 165 103 166 167
111 3 2 12 11 167 166 95 134
112 3 2 12 11 53 167 134 52
113 3 2 12 11 94 168 171 170
114 3 2 12 11 168 78 169 171
115 3 2 12 11 171 169 104 122
116 3 2 12 11 170 171 122 91
117 3 2 12 11 28 116 173 27
118 3 2 12 11 116 106 172 173
119 3 2 12 11 173 172 89 130
120 3 2 12 11 27 173 130 26
121 3 2 12 11 101 174 175 129
122 3 2 12 11 174 90 126 175
123 3 2 12 11 175 126 22 23
124 3 2 12 11 129 175 23 24
125 3 2 12 11 96 132 177 163
126 3 2 12 11 132 95 117 177
127 3 2 12 11 177 117 100 176
128 3 2 12 11 163 177 176 92
129 3 2 12 11 66 142 178 65
130 3 2 12 11 142 94 170 178
131 3 2 12 11 178 170 91 157
132 3 2 12 11 65 178 157 64
133 3 2 12 11 71 140 179 70
134 3 2 12 11 140 78 168 179
135 3 2 12 11 179 168 94 143
136 3 2 12 11 70 179 143 69
137 3 2 12 11 93 180 184 183
138 3 2 12 11 180 77 181 184
139 3 2 12 11 184 181 98 182
140 3 2 12 11 183 184 182 83
141 3 2 12 11 43 161 185 42
142 3 2 12 11 161 77 180 185
143 3 2 12 11 185 180 93 153
144 3 2 12 11 42 185 153 41
145 3 2 12 11 97 186 190 189
146 3 2 12 11 186 79 187 190
147 3 2 12 11 190 187 81 188
148 3 2 12 11 189 190 188 112
149 3 2 12 11 75 125 192 74
150 3 2 12 11 125 90 191 192
151 3 2 12 11 192 191 102 138
152 3 2 12 11 74 192 138 73
153 3 2 12 11 93 183 193 152
154 3 2 12 11 183 83 150 193
155 3 2 12 11 193 150 36 37
156 3 2 12 11 152 193 37 38
157 3 2 12 11 80 194 198 197
158 3 2 12 11 194 103 195 198
159 3 2 12 11 198 195 88 196
160 3 2 12 11 197 198 196 13
161 3 2 12 11 100 199 200 176
162 3 2 12 11 199 98 181 200
163 3 2 12 11 200 181 77 160
164 3 2 12 11 176 200 160 92
165 3 2 12 11 113 201 204 203
166 3 2 12 11 201 6 15 204
167 3 2 12 11 204 15 16 202
168 3 2 12 11 203 204 202 82
169 3 2 12 11 19 205 208 207
170 3 2 12 11 205 79 206 208
171 3 2 12 11 208 206 106 115
172 3 2 12 11 207 208 115 85
173 3 2 12 11 98 209 211 182
174 3 2 12 11 209 111 210 211
175 3 2 12 11 211 210 84 149
176 3 2 12 11 182 211 149 83
177 3 2 12 11 110 212 215 214
178 3 2 12 11 212 101 128 215
179 3 2 12 11 215 128 89 213
180 3 2 12 11 214 215 213 97
181 3 2 12 11 79 205 216 187
182 3 2 12 11 205 19 20 216
183 3 2 12 11 216 20 5 124
184 3 2 12 11 187 216 124 81
185 3 2 12 11 7 18 219 218
186 3 2 12 11 18 19 207 219
187 3 2 12 11 219 207 85 217
188 3 2 12 11 218 219 217 109
189 3 2 12 11 82 202 222 221
190 3 2 12 11 202 16 220 222
191 3 2 12 11 222 220 87 145
192 3 2 12 11 221 222 145 84
193 3 2 12 11 78 139 225 169
194 3 2 12 11 139 102 223 225
195 3 2 12 11 225 223 110 224
196 3 2 12 11 169 225 224 104
197 3 2 12 11 104 224 226 120
198 3 2 12 11 224 110 214 226
199 3 2 12 11 226 214 97 189
200 3 2 12 11 120 226 189 112
201 3 2 12 11 56 227 228 55
202 3 2 12 11 227 88 195 228
203 3 2 12 11 228 195 103 165
204 3 2 12 11 55 228 165 54
205 3 2 12 11 99 229 231 156
206 3 2 12 11 229 86 230 231
207 3 2 12 11 231 230 60 61
208 3 2 12 11 156 231 61 62
209 3 2 12 11 99 155 234 233
210 3 2 12 11 155 91 121 234
211 3 2 12 11 234 121 112 232
212 3 2 12 11 233 234 232 108
213 3 2 12 11 90 174 235 191
214 3 2 12 11 174 101 212 235
215 3 2 12 11 235 212 110 223
216 3 2 12 11 191 235 223 102
217 3 2 12 11 107 236 238 237
218 3 2 12 11 236 88 227 238
219 3 2 12 11 238 227 56 57
220 3 2 12 11 237 238 57 58
221 3 2 12 11 28 29 240 114
222 3 2 12 11 29 30 239 240
223 3 2 12 11 240 239 109 217
224 3 2 12 11 114 240 217 85
225 3 2 12 11 105 118 242 241
226 3 2 12 11 118 95 166 242
227 3 2 12 11 242 166 103 194
228 3 2 12 11 241 242 194 80
229 3 2 12 11 32 146 244 31
230 3 2 12 11 146 87 243 244
231 3 2 12 11 244 243 109 239
232 3 2 12 11 31 244 239 30
233 3 2 12 11 60 230 246 59
234 3 2 12 11 230 86 245 246
235 3 2 12 11 246 245 107 237
236 3 2 12 11 59 246 237 58
237 3 2 12 11 6 201 248 14
238 3 2 12 11 201 113 247 248
239 3 2 12 11 248 247 80 197
240 3 2 12 11 14 248 197 13
241 3 2 12 11 86 249 251 245
242 3 2 12 11 249 10 11 251
243 3 2 12 11 251 11 8 250
244 3 2 12 11 245 251 250 107
245 3 2 12 11 88 236 252 196
246 3 2 12 11 236 107 250 252
247 3 2 12 11 252 250 8 12
248 3 2 12 11 196 252 12 13
249 3 2 12 11 7 218 253 17
250 3 2 12 11 218 109 243 253
251 3 2 12 11 253 243 87 220
252 3 2 12 11 17 253 220 16
253 3 2 12 11 86 229 255 249
254 3 2 12 11 229 99 233 255
255 3 2 12 11 255 233 108 254
256 3 2 12 11 249 255 254 10
257 3 2 12 11 98 199 257 209
258 3 2 12 11 199 100 119 257
259 3 2 12 11 257 119 105 256
260 3 2 12 11 209 257 256 111
261 3 2 12 11 105 241 259 256
262 3 2 12 11 241 80 247 259
263 3 2 12 11 259 247 113 258
264 3 2 12 11 256 259 258 111
265 3 2 12 11 79 186 260 206
266 3 2 12 11 186 97 213 260
267 3 2 12 11 260 213 89 172
268 3 2 12 11 206 260 172 106
269 3 2 12 11 82 221 261 203
270 3 2 12 11 221 84 210 261
271 3 2 12 11 261 210 111 258
272 3 2 12 11 203 261 258 113
273 3 2 12 11 108 232 262 254
274 3 2 12 11 232 112 188 262
275 3 2 12 11 262 188 81 123
276 3 2 12 11 254 262 123 10
277 3 2 12 11 28 114 263 116
278 3 2 12 11 114 85 115 263
279 3 2 12 11 116 263 115 106
280 3 2 12 11 100 117 264 119
281 3 2 12 11 117 95 118 264
282 3 2 12 11 119 264 118 105
283 3 2 12 11 104 120 265 122
284 3 2 12 11 120 112 121 265
285 3 2 12 11 122 265 121 91
286 3 2 12 11 5 9 266 124
287 3 2 12 11 9 10 123 266
288 3 2 12 11 124 266 123 81
$EndElements
